[0]1
[1]0
[2]1
[3]2
[4]1
[5]1
[6]2
[7]2
[8]1
[9]2
[10]1
[11]2
[12]2
[13]1
[14]2
[15]2
[16]1
[17]2
[18]1
[19]2
[20]1
[21]1
[22]1
[23]2
[24]1
[25]1
[26]2
[27]1
[28]2
[29]1
[30]2
[31]1
[32]1
[33]1
[34]1
[35]1
[36]1
[37]1
[38]1
[39]1
[40]1
[41]2
[42]1
[43]2
[44]1
[45]2
[46]1
[47]1
[48]1
[49]1
[50]1
[51]1
[52]1
[53]1
[54]1
[55]1
[56]2
[57]2
[58]2
[59]2
[60]2
[61]2
[62]2
[63]2
[64]2
[65]1
[66]1
[67]2
[68]1
[69]2
[70]2
[71]1
[72]2
[73]2
[74]1
[75]2
[76]2
[77]1
[78]2
[79]2
[80]2
[81]2
[82]2
[83]1
[84]1
[85]1
[86]2
[87]1
[88]0
[89]1
[90]1
[91]1
[92]1
[93]1
[94]2
[95]1
[96]2
[97]1
[98]1
[99]1
[100]1
[101]1
[102]1
[103]2
[104]1
[105]1
[106]1
[107]1
[108]1
[109]1
[110]1
[111]1
[112]1
[113]1
[114]1
[115]2
[116]1
[117]1
[118]1
[119]1
[120]1
[121]1
[122]1
[123]0
[124]1
[125]1
[126]2
[127]1
[128]2
[129]3
[130]2
[131]2
[132]2
[133]1
[134]1
[135]1
[136]0
[137]1
[138]1
[139]1
[140]1
[141]1
[142]1
[143]1
[144]0
[145]1
[146]1
[147]1
[148]1
[149]1
[150]1
[151]1
[152]2
[153]1
[154]1
[155]1
[156]1
[157]1
[158]1
[159]1
[160]2
[161]2
[162]2
[163]2
[164]2
[165]2
[166]2
[167]2
[168]2
[169]2
[170]2
[171]2
[172]2
[173]2
[174]2
[175]2
[176]2
[177]2
[178]2
[179]2
[180]2
[181]2
[182]1
[183]2
[184]1
[185]2
[186]1
[187]1
[188]1
[189]1
[190]1
[191]1
[192]0
[193]1
[194]1
[195]1
[196]1
[197]2
[198]1
[199]1
[200]2
[201]2
[202]2
[203]2
[204]2
[205]2
[206]1
[207]1
[208]2
[209]1
[210]2
[211]1
[212]2
[213]2
[214]2
[215]1
[216]0
[217]1
[218]0
[219]1
[220]1
[221]2
[222]2
[223]1
[224]2
[225]2
[226]1
[227]1
[228]1
[229]1
[230]2
[231]2
[232]2
[233]2
[234]2
[235]2
[236]2
[237]2
[238]2
[239]1
[240]2
[241]1
[242]2
[243]1
[244]2
[245]1
[246]2
[247]2
[248]3
[249]3
[250]3
[251]2
[252]1
[253]1
[254]1
[255]1
[256]0
[257]1
[258]2
[259]2
[260]1
[261]1
[262]1
[263]1
[264]2
[265]2
[266]1
[267]1
[268]1
[269]1
[270]2
[271]2
[272]1
[273]2
[274]1
[275]1
[276]2
[277]2
[278]1
[279]1
[280]1
[281]1
[282]1
[283]0
[284]0
[285]0
[286]1
[287]2
[288]3
[289]2
[290]2
[291]3
[292]4
[293]3
[294]2
[295]1
[296]2
[297]2
[298]2
[299]2
[300]2
[301]2
[302]2
[303]1
[304]2
[305]3
[306]2
[307]1
[308]2
[309]3
[310]2
[311]1
[312]0
[313]0
[314]0
[315]0
[316]1
[317]1
[318]0
[319]0
[320]1
[321]2
[322]3
[323]2
[324]3
[325]3
[326]2
[327]1
[328]0
[329]1
[330]2
[331]1
[332]1
[333]1
[334]1
[335]2
[336]1
[337]1
[338]1
[339]2
[340]1
[341]0
[342]0
[343]0
[344]1
[345]1
[346]1
[347]1
[348]1
[349]1
[350]1
[351]1
[352]0
[353]0
[354]0
[355]0
[356]0
[357]1
[358]2
[359]1
[360]1
[361]2
[362]2
[363]2
[364]2
[365]2
[366]2
[367]2
[368]2
[369]2
[370]2
[371]2
[372]2
[373]2
[374]2
[375]2
[376]3
[377]4
[378]4
[379]4
[380]4
[381]5
[382]6
[383]6
[384]6
[385]7
[386]7
[387]6
[388]7
[389]8
[390]8
